ImageNumber	ObjectNumber	Location_Center_X	Location_Center_Y	Location_Center_Z	Number_Object_Number	Parent_SpeckleFinal
1	1	1320.6685393258426	27.85112359550562	0	1	1
1	2	1340.4516129032259	36.30769230769231	0	2	2
1	3	1568.3066666666666	43.24	0	3	3
1	4	1544.463054187192	48.96551724137931	0	4	4
1	5	643.540404040404	50.63131313131313	0	5	5
1	6	1323.9444444444443	52.333333333333336	0	6	6
1	7	605.1714285714286	62.86666666666667	0	7	7
1	8	632.3235294117648	63.411764705882355	0	8	8
1	9	1321.75	63.45	0	9	9
1	10	1554.8709677419354	65.64516129032258	0	10	10
1	11	1592.423076923077	72.53846153846153	0	11	11
1	12	617.515625	73.984375	0	12	12
1	13	1307.4692737430169	76.20111731843575	0	13	13
1	14	1355.0594059405942	77.06930693069307	0	14	14
1	15	1353.5	83.41666666666667	0	15	15
1	16	1548.4516129032259	85.35483870967742	0	16	16
1	17	1562.55421686747	87.04819277108433	0	17	17
1	18	1343.1818181818182	87.36363636363636	0	18	18
1	19	725.10625	88.19375	0	19	19
1	20	709.4113475177305	93.23404255319149	0	20	20
1	21	1315.4444444444443	90.35672514619883	0	21	21
1	22	1582.3088235294117	93.17156862745098	0	22	22
1	23	1347.695652173913	97.41304347826087	0	23	23
1	24	1568.7235772357724	96.34146341463415	0	24	24
1	25	676.0483870967741	107.09677419354838	0	25	25
1	26	717.204081632653	108.63265306122449	0	26	26
1	27	1521.625	108.15625	0	27	27
1	28	677.0133333333333	113.44	0	28	28
1	29	1520.9285714285713	117.25510204081633	0	29	29
1	30	731.4545454545455	116.78181818181818	0	30	30
1	31	1336.6	119.625	0	31	31
1	32	1593.4107142857142	119.66071428571429	0	32	32
1	33	676.0444444444445	123.14074074074074	0	33	33
1	34	713.8192771084338	125.56626506024097	0	34	34
1	35	685.40625	126.90625	0	35	35
1	36	1327.5131578947369	130.32894736842104	0	36	36
1	37	1302.532894736842	139.59868421052633	0	37	37
1	38	1555.9895287958116	141.42931937172776	0	38	38
1	39	1839.0851063829787	148.4595744680851	0	39	39
1	40	1861.554347826087	151.33695652173913	0	40	40
1	41	1870.3584905660377	151.9245283018868	0	41	41
1	42	1577.7238805970148	154.52985074626866	0	42	42
1	43	1805.98	164.85	0	43	43
1	44	1542.4876033057851	163.61157024793388	0	44	44
1	45	1837.5384615384614	166.87179487179486	0	45	45
1	46	1840.3030303030303	171.3030303030303	0	46	46
1	47	1560.861111111111	174.2314814814815	0	47	47
1	48	1873.8732394366198	182.91549295774647	0	48	48
1	49	1800.05	184.5625	0	49	49
1	50	1802.5833333333333	190.79166666666666	0	50	50
1	51	2121.4528301886794	196.74528301886792	0	51	51
1	52	1169.1772151898733	198.49367088607596	0	52	52
1	53	1853.4571428571428	199.88571428571427	0	53	53
1	54	2089.0777777777776	201.82222222222222	0	54	54
1	55	2099.7619047619046	200.47619047619048	0	55	55
1	56	2132.49	202.31	0	56	56
1	57	1154.9142857142858	207.0742857142857	0	57	57
1	58	2131.0188679245284	210.68867924528303	0	58	58
1	59	1119.060606060606	214.07575757575756	0	59	59
1	60	1818.8613861386139	212.95049504950495	0	60	60
1	61	1830.6190476190477	213.28571428571428	0	61	61
1	62	2132.153846153846	217.89743589743588	0	62	62
1	63	2103.9333333333334	216.93333333333334	0	63	63
1	64	1817.915254237288	218.16949152542372	0	64	64
1	65	1139.3271028037384	221.34579439252337	0	65	65
1	66	1211.4736842105262	223.85526315789474	0	66	66
1	67	1221.9738219895287	221.89528795811518	0	67	67
1	68	509.1020408163265	224.92857142857142	0	68	68
1	69	503.3731343283582	227.88059701492537	0	69	69
1	70	2124.4651162790697	225.2093023255814	0	70	70
1	71	1099.4583333333333	228.04166666666666	0	71	71
1	72	2134.3898305084745	228.1949152542373	0	72	72
1	73	563.6890756302521	230.54621848739495	0	73	73
1	74	1138.5	230.75	0	74	74
1	75	2158.6759581881533	235.5156794425087	0	75	75
1	76	1167.25	236.26666666666668	0	76	76
1	77	2135.5384615384614	237.35384615384615	0	77	77
1	78	1242.8688524590164	238.29508196721312	0	78	78
1	79	2101.4242424242425	239.42424242424244	0	79	79
1	80	594.9245283018868	241.69811320754718	0	80	80
1	81	2113.1511627906975	242.59302325581396	0	81	81
1	82	1144.6	243.14285714285714	0	82	82
1	83	557.1242236024844	244.43478260869566	0	83	83
1	84	593.1111111111111	246.88888888888889	0	84	84
1	85	2173.9	245.4	0	85	85
1	86	1163.4895833333333	246.92708333333334	0	86	86
1	87	2091.4112903225805	248.7016129032258	0	87	87
1	88	251.7319587628866	254.43298969072166	0	88	88
1	89	197.42241379310346	256.8965517241379	0	89	89
1	90	486.6861313868613	256.2919708029197	0	90	90
1	91	1234.3428571428572	258.0285714285714	0	91	91
1	92	1909.1818181818182	259.20454545454544	0	92	92
1	93	2109.7416267942585	256.6124401913876	0	93	93
1	94	1177.6153846153845	261.53846153846155	0	94	94
1	95	2178.21875	262.390625	0	95	95
1	96	249.73099415204678	264.15204678362574	0	96	96
1	97	481.2108843537415	265.72108843537416	0	97	97
1	98	524.1574074074074	262.962962962963	0	98	98
1	99	563.4130434782609	264.54347826086956	0	99	99
1	100	610.7045454545455	266.7386363636364	0	100	100
1	101	1144.516129032258	266.51612903225805	0	101	101
1	102	1222.2075471698113	267.1320754716981	0	102	102
1	103	470.12	268.2	0	103	103
1	104	601.2413793103449	270.55172413793105	0	104	104
1	105	534.3492063492064	271.46031746031747	0	105	105
1	106	1133.6367521367522	270.517094017094	0	106	106
1	107	610.0	281.4468085106383	0	107	107
1	108	1920.6038647342996	276.69565217391306	0	108	108
1	109	260.04651162790697	281.3982558139535	0	109	109
1	110	1913.4204545454545	283.2443181818182	0	110	110
1	111	274.67816091954023	283.5632183908046	0	111	111
1	112	286.73308270676694	283.90977443609023	0	112	112
1	113	551.9514563106796	283.4757281553398	0	113	113
1	114	2135.923076923077	285.5576923076923	0	114	114
1	115	543.6875	285.34375	0	115	115
1	116	1867.516	286.396	0	116	116
1	117	2147.7158469945357	287.26775956284155	0	117	117
1	118	1834.3741007194244	293.1223021582734	0	118	118
1	119	559.7171717171717	290.5353535353535	0	119	119
1	120	2171.36	293.34	0	120	120
1	121	482.14814814814815	293.4259259259259	0	121	121
1	122	2160.4	292.875	0	122	122
1	123	484.6923076923077	298.24615384615385	0	123	123
1	124	2147.8813559322034	296.728813559322	0	124	124
1	125	211.77777777777777	297.77777777777777	0	125	125
1	126	565.9818181818182	298.56363636363636	0	126	126
1	127	240.37333333333333	297.4533333333333	0	127	127
1	128	233.73684210526315	301.44736842105266	0	128	128
1	129	241.18	303.08	0	129	129
1	130	620.6451612903226	306.6774193548387	0	130	130
1	131	227.04736842105262	303.16315789473686	0	131	131
1	132	515.125	307.03125	0	132	132
1	133	843.2181818181818	306.4	0	133	133
1	134	1832.62	308.48	0	134	134
1	135	1649.6538461538462	309.8974358974359	0	135	135
1	136	1891.9832402234638	309.4413407821229	0	136	136
1	137	213.7810218978102	313.2116788321168	0	137	137
1	138	868.046511627907	319.26356589147287	0	138	138
1	139	830.4893617021277	318.9148936170213	0	139	139
1	140	612.7647058823529	318.72549019607845	0	140	140
1	141	825.0495867768595	319.1735537190083	0	141	141
1	142	569.6666666666666	323.4761904761905	0	142	142
1	143	600.8240223463687	329.0670391061453	0	143	143
1	144	804.0322580645161	329.93548387096774	0	144	144
1	145	809.4516129032259	330.35483870967744	0	145	145
1	146	1679.197628458498	339.99209486166006	0	146	146
1	147	825.2921348314607	342.02247191011236	0	147	147
1	148	1652.6603773584907	342.6509433962264	0	148	148
1	149	855.1282051282051	342.1025641025641	0	149	149
1	150	1621.013422818792	348.67785234899327	0	150	150
1	151	1672.8333333333333	350.6354166666667	0	151	151
1	152	857.7064220183486	364.75688073394497	0	152	152
1	153	1684.6842105263158	370.56140350877195	0	153	153
1	154	1677.7941176470588	373.8529411764706	0	154	154
1	155	1646.1719745222929	375.5700636942675	0	155	155
1	156	862.8025477707006	381.5796178343949	0	156	156
1	157	1635.4096385542168	386.1566265060241	0	157	157
1	158	858.9383561643835	392.7739726027397	0	158	158
1	159	891.4534161490683	392.8944099378882	0	159	159
1	160	858.9558823529412	403.9264705882353	0	160	160
1	161	1367.1764705882354	412.25210084033614	0	161	161
1	162	394.16603773584905	413.2377358490566	0	162	162
1	163	885.4705882352941	417.2352941176471	0	163	163
1	164	2128.294117647059	421.4117647058824	0	164	164
1	165	2095.6176470588234	423.3529411764706	0	165	165
1	166	1353.1698113207547	421.3018867924528	0	166	166
1	167	2103.6666666666665	432.04938271604937	0	167	167
1	168	349.3990147783251	432.16748768472905	0	168	168
1	169	1337.2432432432433	437.94594594594594	0	169	169
1	170	345.7445255474453	439.94890510948903	0	170	170
1	171	1403.0263157894738	440.0921052631579	0	171	171
1	172	2137.2926829268295	439.1869918699187	0	172	172
1	173	2146.7916666666665	443.75	0	173	173
1	174	382.9166666666667	446.1212121212121	0	174	174
1	175	1437.2071428571428	450.62142857142857	0	175	175
1	176	337.4	451.76666666666665	0	176	176
1	177	1341.090909090909	452.09090909090907	0	177	177
1	178	396.83720930232556	452.6744186046512	0	178	178
1	179	340.5238095238095	455.3333333333333	0	179	179
1	180	336.41379310344826	457.0689655172414	0	180	180
1	181	393.05882352941177	459.04411764705884	0	181	181
1	182	1412.9818181818182	460.40909090909093	0	182	182
1	183	2084.587837837838	460.11486486486484	0	183	183
1	184	1389.313432835821	465.95522388059703	0	184	184
1	185	2062.103448275862	466.6896551724138	0	185	185
1	186	1340.7333333333333	467.2	0	186	186
1	187	349.58125	474.6625	0	187	187
1	188	2112.818181818182	476.3636363636364	0	188	188
1	189	1670.4705882352941	477.9117647058824	0	189	189
1	190	1625.8620689655172	479.63793103448273	0	190	190
1	191	2107.0945945945946	480.0135135135135	0	191	191
1	192	1656.1725352112676	489.57042253521126	0	192	192
1	193	1662.712765957447	498.5531914893617	0	193	193
1	194	1372.7227722772277	495.8514851485148	0	194	194
1	195	1466.258426966292	503.34831460674155	0	195	195
1	196	1615.68	503.92	0	196	196
1	197	253.42222222222222	504.8888888888889	0	197	197
1	198	251.9430894308943	511.2926829268293	0	198	198
1	199	1616.4225352112676	510.46478873239437	0	199	199
1	200	233.5593220338983	510.5762711864407	0	200	200
1	201	288.6190476190476	512.6825396825396	0	201	201
1	202	267.94117647058823	514.5294117647059	0	202	202
1	203	1610.6216216216217	517.1824324324324	0	203	203
1	204	1676.5241379310344	518.096551724138	0	204	204
1	205	1391.125	519.9711538461538	0	205	205
1	206	309.56962025316454	519.8227848101266	0	206	206
1	207	1435.2142857142858	521.7142857142857	0	207	207
1	208	1953.375939849624	526.2932330827068	0	208	208
1	209	288.82	526.8	0	209	209
1	210	1446.86301369863	525.2739726027397	0	210	210
1	211	281.4347826086956	525.1739130434783	0	211	211
1	212	1407.2794117647059	527.1862745098039	0	212	212
1	213	319.76	528.88	0	213	213
1	214	1614.921875	529.34765625	0	214	214
1	215	1221.6060606060605	533.4848484848485	0	215	215
1	216	2065.5	537.0	0	216	216
1	217	1626.1313131313132	537.8181818181819	0	217	217
1	218	211.45405405405404	543.1297297297298	0	218	218
1	219	1434.2892561983472	540.1487603305785	0	219	219
1	220	1634.027027027027	540.972972972973	0	220	220
1	221	1238.6803278688524	543.5819672131148	0	221	221
1	222	1948.5019607843137	541.2705882352941	0	222	222
1	223	2092.6444444444446	540.3925925925926	0	223	223
1	224	1956.4	547.0833333333334	0	224	224
1	225	249.34782608695653	547.1521739130435	0	225	225
1	226	1663.28	547.4	0	226	226
1	227	1934.6627450980393	550.8705882352941	0	227	227
1	228	329.4179104477612	553.9800995024875	0	228	228
1	229	1245.0	555.3030303030303	0	229	229
1	230	219.875	555.0208333333334	0	230	230
1	231	230.9375	557.275	0	231	231
1	232	1615.639534883721	560.7093023255813	0	232	232
1	233	2105.2608695652175	565.4184782608696	0	233	233
1	234	1667.6336206896551	560.9655172413793	0	234	234
1	235	2090.0298507462685	560.8358208955224	0	235	235
1	236	240.54901960784315	564.2156862745098	0	236	236
1	237	1932.7932960893854	564.8268156424581	0	237	237
1	238	2132.3150684931506	564.5479452054794	0	238	238
1	239	1922.4450261780105	568.6282722513089	0	239	239
1	240	321.6808510638298	570.2765957446809	0	240	240
1	241	1222.781690140845	568.0	0	241	241
1	242	2128.904761904762	570.4761904761905	0	242	242
1	243	2122.176470588235	573.1764705882352	0	243	243
1	244	272.5	572.75	0	244	244
1	245	1972.1843971631206	574.2198581560284	0	245	245
1	246	293.34285714285716	578.1142857142858	0	246	246
1	247	1639.2641509433963	580.2641509433962	0	247	247
1	248	304.7088122605364	580.6436781609195	0	248	248
1	249	637.0461538461539	580.8923076923077	0	249	249
1	250	1652.59375	581.21875	0	250	250
1	251	2107.6619718309857	581.7605633802817	0	251	251
1	252	1244.123595505618	583.8876404494382	0	252	252
1	253	599.6861924686192	587.0543933054394	0	253	253
1	254	1974.8451612903225	586.0516129032258	0	254	254
1	255	1231.1829787234042	588.3021276595745	0	255	255
1	256	2084.287037037037	588.7592592592592	0	256	256
1	257	972.9550173010381	588.356401384083	0	257	257
1	258	1931.1935483870968	591.1774193548387	0	258	258
1	259	2094.775280898876	591.4606741573034	0	259	259
1	260	2106.1666666666665	592.2272727272727	0	260	260
1	261	1210.4810126582279	595.3037974683544	0	261	261
1	262	1939.051282051282	595.6410256410256	0	262	262
1	263	653.829268292683	597.439024390244	0	263	263
1	264	2125.4761904761904	598.2142857142857	0	264	264
1	265	641.2797202797203	601.3986013986014	0	265	265
1	266	1230.3155339805826	601.5436893203884	0	266	266
1	267	2111.9814814814813	600.7654320987655	0	267	267
1	268	661.0416666666666	601.6111111111111	0	268	268
1	269	1288.744	602.072	0	269	269
1	270	594.28125	604.2890625	0	270	270
1	271	945.7254901960785	602.0	0	271	271
1	272	1009.2380952380952	602.5238095238095	0	272	272
1	273	1216.076923076923	602.4358974358975	0	273	273
1	274	1265.6904761904761	605.5952380952381	0	274	274
1	275	664.2857142857143	607.9591836734694	0	275	275
1	276	1007.6122448979592	614.9897959183673	0	276	276
1	277	944.6935483870968	620.0806451612904	0	277	277
1	278	1293.7575757575758	622.5	0	278	278
1	279	1004.3478260869565	624.6521739130435	0	279	279
1	280	1008.7872340425532	627.2340425531914	0	280	280
1	281	973.0384615384615	628.6923076923077	0	281	281
1	282	1020.9824561403509	631.2982456140351	0	282	282
1	283	608.8915662650602	631.4578313253012	0	283	283
1	284	664.6572438162544	635.6996466431095	0	284	284
1	285	1268.8510638297873	638.1276595744681	0	285	285
1	286	1290.6032608695652	642.1304347826087	0	286	286
1	287	2277.5637583892617	646.8389261744967	0	287	287
1	288	2237.6785714285716	646.5	0	288	288
1	289	1003.7692307692307	652.4153846153846	0	289	289
1	290	1011.6914893617021	649.5744680851063	0	290	290
1	291	1016.4366197183099	658.7511737089202	0	291	291
1	292	2241.900900900901	661.5135135135135	0	292	292
1	293	998.5439330543933	662.5941422594142	0	293	293
1	294	978.9960317460317	664.436507936508	0	294	294
1	295	1018.1282051282051	667.7435897435897	0	295	295
1	296	2243.6969696969695	669.1515151515151	0	296	296
1	297	986.1409090909091	673.7363636363636	0	297	297
1	298	1032.576923076923	680.0384615384615	0	298	298
1	299	2221.181818181818	693.4727272727273	0	299	299
1	300	2250.3736263736264	696.934065934066	0	300	300
1	301	2281.3818181818183	697.6727272727272	0	301	301
1	302	1791.6458333333333	717.3958333333334	0	302	302
1	303	570.3253012048193	719.3855421686746	0	303	303
1	304	592.4029850746268	719.3134328358209	0	304	304
1	305	2277.7948717948716	721.5128205128206	0	305	305
1	306	1768.0	721.8222222222222	0	306	306
1	307	1760.641791044776	725.8059701492538	0	307	307
1	308	573.04	726.32	0	308	308
1	309	565.0416666666666	726.9166666666666	0	309	309
1	310	532.9	728.8333333333334	0	310	310
1	311	593.4035087719299	729.7017543859649	0	311	311
1	312	508.11538461538464	733.3846153846154	0	312	312
1	313	2223.8813559322034	733.0508474576271	0	313	313
1	314	526.4809160305343	735.4732824427481	0	314	314
1	315	502.46666666666664	752.6	0	315	315
1	316	1708.4193548387098	753.741935483871	0	316	316
1	317	580.474358974359	757.0	0	317	317
1	318	2236.582089552239	756.1741293532339	0	318	318
1	319	569.1822916666666	759.21875	0	319	319
1	320	220.6764705882353	759.4852941176471	0	320	320
1	321	1797.0481927710844	759.210843373494	0	321	321
1	322	254.24444444444444	759.6444444444444	0	322	322
1	323	1729.5061224489796	760.3714285714286	0	323	323
1	324	586.6756756756756	761.2162162162163	0	324	324
1	325	1706.953488372093	759.953488372093	0	325	325
1	326	557.2068965517242	763.3103448275862	0	326	326
1	327	287.15625	767.25	0	327	327
1	328	498.3448275862069	771.551724137931	0	328	328
1	329	254.67567567567568	775.081081081081	0	329	329
1	330	285.775	775.4	0	330	330
1	331	227.35714285714286	776.5357142857143	0	331	331
1	332	199.93548387096774	779.6129032258065	0	332	332
1	333	1749.5309734513273	780.787610619469	0	333	333
1	334	217.44036697247705	782.6238532110092	0	334	334
1	335	253.40816326530611	784.0408163265306	0	335	335
1	336	1038.4864864864865	787.7162162162163	0	336	336
1	337	1711.3204225352113	789.5387323943662	0	337	337
1	338	210.8139534883721	790.3372093023256	0	338	338
1	339	254.98907103825135	792.4153005464481	0	339	339
1	340	205.42307692307693	794.9230769230769	0	340	340
1	341	224.15060240963857	793.1084337349398	0	341	341
1	342	1068.2521008403362	793.9915966386554	0	342	342
1	343	1731.658536585366	798.0	0	343	343
1	344	1018.6529411764706	807.1294117647059	0	344	344
1	345	179.20289855072463	810.9710144927536	0	345	345
1	346	248.34545454545454	813.5454545454545	0	346	346
1	347	182.62886597938143	817.1340206185567	0	347	347
1	348	1047.071052631579	825.5184210526315	0	348	348
1	349	210.16666666666666	826.0	0	349	349
1	350	987.85	825.7	0	350	350
1	351	228.76190476190476	826.9047619047619	0	351	351
1	352	1286.4411764705883	830.1470588235294	0	352	352
1	353	1060.2700729927008	835.9343065693431	0	353	353
1	354	1083.2277227722773	831.2178217821782	0	354	354
1	355	702.2216748768473	834.1083743842364	0	355	355
1	356	1038.6461538461538	832.8923076923077	0	356	356
1	357	200.81224489795918	835.4857142857143	0	357	357
1	358	978.34375	847.65625	0	358	358
1	359	1256.5294117647059	846.2205882352941	0	359	359
1	360	986.2454545454545	848.9181818181818	0	360	360
1	361	1295.75	846.9375	0	361	361
1	362	1315.0	853.09	0	362	362
1	363	1065.375	854.9861111111111	0	363	363
1	364	732.71	860.04	0	364	364
1	365	693.3478260869565	859.7826086956521	0	365	365
1	366	1262.6237623762377	868.3465346534654	0	366	366
1	367	608.6037735849056	871.0943396226415	0	367	367
1	368	614.76	873.2	0	368	368
1	369	976.2697368421053	872.4342105263158	0	369	369
1	370	1315.1136363636363	877.4090909090909	0	370	370
1	371	583.4418604651163	877.0930232558139	0	371	371
1	372	969.7105263157895	878.1578947368421	0	372	372
1	373	1260.357142857143	879.8928571428571	0	373	373
1	374	1034.8125	882.2102272727273	0	374	374
1	375	634.7	885.15	0	375	375
1	376	577.638036809816	887.920245398773	0	376	376
1	377	1321.7389162561576	887.5123152709359	0	377	377
1	378	1916.225352112676	889.0140845070423	0	378	378
1	379	1267.3529411764705	893.4901960784314	0	379	379
1	380	675.6753246753246	892.1515151515151	0	380	380
1	381	641.2105263157895	896.0263157894736	0	381	381
1	382	1016.1724137931035	895.8620689655172	0	382	382
1	383	1317.5652173913043	896.2608695652174	0	383	383
1	384	1905.44	895.26	0	384	384
1	385	1950.5205479452054	899.054794520548	0	385	385
1	386	1238.3974358974358	899.3076923076923	0	386	386
1	387	1898.9761904761904	899.0238095238095	0	387	387
1	388	1309.142857142857	903.0714285714286	0	388	388
1	389	673.9772727272727	904.5	0	389	389
1	390	1005.6129032258065	902.763440860215	0	390	390
1	391	1968.962962962963	905.7129629629629	0	391	391
1	392	579.5458937198067	903.4057971014493	0	392	392
1	393	968.9906542056075	907.9439252336449	0	393	393
1	394	1015.5472636815921	905.2885572139304	0	394	394
1	395	1890.923076923077	910.5475113122172	0	395	395
1	396	1328.804347826087	910.7826086956521	0	396	396
1	397	632.4350282485875	916.5593220338983	0	397	397
1	398	1267.2511848341233	913.9431279620853	0	398	398
1	399	1883.35	919.85	0	399	399
1	400	1327.6190476190477	921.5238095238095	0	400	400
1	401	1269.5526315789473	923.9342105263158	0	401	401
1	402	1975.546511627907	923.1279069767442	0	402	402
1	403	1318.7051282051282	926.1282051282051	0	403	403
1	404	1263.128205128205	929.3846153846154	0	404	404
1	405	1290.3690476190477	930.702380952381	0	405	405
1	406	1311.6341463414635	930.7560975609756	0	406	406
1	407	1629.5887096774193	934.2983870967741	0	407	407
1	408	2000.3162393162393	934.8632478632478	0	408	408
1	409	1972.3643410852712	937.1860465116279	0	409	409
1	410	1301.909090909091	935.7575757575758	0	410	410
1	411	1312.280701754386	935.8070175438596	0	411	411
1	412	1338.3809523809523	945.3333333333334	0	412	412
1	413	2000.1756756756756	945.2162162162163	0	413	413
1	414	1270.530864197531	949.2716049382716	0	414	414
1	415	1892.4843205574914	948.0696864111499	0	415	415
1	416	1951.081081081081	949.2972972972973	0	416	416
1	417	1653.1899441340781	951.1843575418994	0	417	417
1	418	1664.7307692307693	952.6923076923077	0	418	418
1	419	1632.592105263158	955.9736842105264	0	419	419
1	420	2006.4930555555557	954.2291666666666	0	420	420
1	421	1898.6076923076923	959.7615384615384	0	421	421
1	422	1906.6896551724137	958.7931034482758	0	422	422
1	423	1955.304347826087	959.1086956521739	0	423	423
1	424	1298.9014084507041	963.7253521126761	0	424	424
1	425	1337.7906976744187	963.6279069767442	0	425	425
1	426	1952.5	964.3076923076923	0	426	426
1	427	1918.2075471698113	972.2452830188679	0	427	427
1	428	1928.7333333333333	978.3666666666667	0	428	428
1	429	1641.4444444444443	980.1111111111111	0	429	429
1	430	1943.1666666666667	983.2142857142857	0	430	430
1	431	1937.2096774193549	980.7177419354839	0	431	431
1	432	1633.0695652173913	986.7739130434783	0	432	432
1	433	1697.388888888889	985.0555555555555	0	433	433
1	434	2250.448275862069	989.3103448275862	0	434	434
1	435	1932.418918918919	989.2702702702703	0	435	435
1	436	1943.1041666666667	993.5833333333334	0	436	436
1	437	2238.8522727272725	994.2992424242424	0	437	437
1	438	1982.7833333333333	996.725	0	438	438
1	439	1674.8658008658008	999.5974025974026	0	439	439
1	440	648.9529411764706	1000.9294117647058	0	440	440
1	441	681.1860465116279	1001.2325581395348	0	441	441
1	442	592.3846153846154	1001.5384615384615	0	442	442
1	443	1686.919191919192	1000.989898989899	0	443	443
1	444	1692.5369127516778	1007.0469798657718	0	444	444
1	445	626.6428571428571	1005.6607142857143	0	445	445
1	446	2212.2526315789473	1010.3614035087719	0	446	446
1	447	2222.8	1010.8	0	447	447
1	448	1639.135593220339	1013.9039548022599	0	448	448
1	449	568.2950819672132	1016.983606557377	0	449	449
1	450	2267.2875	1018.35	0	450	450
1	451	686.6129032258065	1026.967741935484	0	451	451
1	452	617.7692307692307	1027.8076923076924	0	452	452
1	453	565.0341685649203	1039.633257403189	0	453	453
1	454	678.698275862069	1040.1379310344828	0	454	454
1	455	2218.5652173913045	1042.7463768115942	0	455	455
1	456	2265.7551020408164	1045.938775510204	0	456	456
1	457	2205.8	1049.96	0	457	457
1	458	2249.0	1050.516129032258	0	458	458
1	459	2196.909090909091	1051.8636363636363	0	459	459
1	460	1658.7462686567164	1052.8208955223881	0	460	460
1	461	633.4833333333333	1057.0555555555557	0	461	461
1	462	1669.192546583851	1056.751552795031	0	462	462
1	463	567.0845070422536	1059.718309859155	0	463	463
1	464	2200.097142857143	1060.8971428571429	0	464	464
1	465	625.6756756756756	1063.7567567567567	0	465	465
1	466	1692.1195652173913	1061.0326086956522	0	466	466
1	467	623.2368421052631	1069.1842105263158	0	467	467
1	468	578.2857142857143	1068.7619047619048	0	468	468
1	469	620.6666666666666	1073.6666666666667	0	469	469
1	470	616.2325581395348	1076.5348837209303	0	470	470
1	471	2244.0696517412935	1073.55223880597	0	471	471
1	472	1279.7472527472528	1101.2527472527472	0	472	472
1	473	214.502538071066	1112.2131979695432	0	473	473
1	474	223.2608695652174	1119.6739130434783	0	474	474
1	475	1284.7	1125.14	0	475	475
1	476	1291.3975903614457	1136.9578313253012	0	476	476
1	477	1282.6806722689075	1136.0672268907563	0	477	477
1	478	1308.2682926829268	1138.3658536585365	0	478	478
1	479	1274.111111111111	1140.5333333333333	0	479	479
1	480	192.34315789473683	1140.362105263158	0	480	480
1	481	206.42	1142.96	0	481	481
1	482	1258.942528735632	1144.2298850574712	0	482	482
1	483	250.25714285714287	1146.4	0	483	483
1	484	244.2	1146.3	0	484	484
1	485	186.44	1157.72	0	485	485
1	486	1237.2173913043478	1161.4782608695652	0	486	486
1	487	1273.0526315789473	1159.2105263157894	0	487	487
1	488	1570.0422535211267	1164.605633802817	0	488	488
1	489	1604.3801652892562	1162.388429752066	0	489	489
1	490	261.8135593220339	1166.2542372881355	0	490	490
1	491	1578.9803921568628	1168.8431372549019	0	491	491
1	492	262.1818181818182	1172.5454545454545	0	492	492
1	493	1242.516339869281	1166.3071895424837	0	493	493
1	494	1602.490909090909	1171.990909090909	0	494	494
1	495	499.2659574468085	1172.7446808510638	0	495	495
1	496	1577.8032786885246	1175.7377049180327	0	496	496
1	497	1030.016	1180.672	0	497	497
1	498	1047.55078125	1183.82421875	0	498	498
1	499	468.7692307692308	1186.0102564102565	0	499	499
1	500	512.0	1191.1725888324872	0	500	500
1	501	191.3542600896861	1196.6233183856502	0	501	501
1	502	478.69444444444446	1195.25	0	502	502
1	503	1566.2222222222222	1197.2	0	503	503
1	504	255.8687150837989	1198.231843575419	0	504	504
1	505	265.4390243902439	1201.9268292682927	0	505	505
1	506	537.9074074074074	1199.6851851851852	0	506	506
1	507	1608.597014925373	1205.0298507462687	0	507	507
1	508	983.2203389830509	1211.4406779661017	0	508	508
1	509	500.0833333333333	1215.45	0	509	509
1	510	541.1803278688525	1217.4918032786886	0	510	510
1	511	246.73145780051152	1222.4884910485935	0	511	511
1	512	1066.2051282051282	1223.2564102564102	0	512	512
1	513	768.8578680203045	1225.253807106599	0	513	513
1	514	482.7692307692308	1229.2307692307693	0	514	514
1	515	1599.9599198396793	1224.258517034068	0	515	515
1	516	1053.0	1231.0	0	516	516
1	517	1086.3461538461538	1233.1410256410256	0	517	517
1	518	751.4649681528663	1234.9808917197452	0	518	518
1	519	1054.75	1238.357142857143	0	519	519
1	520	243.53146853146853	1239.8041958041958	0	520	520
1	521	470.0	1237.486956521739	0	521	521
1	522	744.1145833333334	1242.0416666666667	0	522	522
1	523	979.4675324675325	1239.077922077922	0	523	523
1	524	252.6769230769231	1239.7615384615385	0	524	524
1	525	753.75	1244.0714285714287	0	525	525
1	526	1077.5813953488373	1240.5116279069769	0	526	526
1	527	474.6818181818182	1244.590909090909	0	527	527
1	528	484.1304347826087	1247.1304347826087	0	528	528
1	529	1062.72	1246.02	0	529	529
1	530	513.439024390244	1248.1463414634147	0	530	530
1	531	1026.1363636363637	1248.2045454545455	0	531	531
1	532	2052.0	1247.452380952381	0	532	532
1	533	2056.771739130435	1250.6521739130435	0	533	533
1	534	2105.1234567901233	1249.5432098765432	0	534	534
1	535	491.88	1246.92	0	535	535
1	536	725.1410256410256	1252.6923076923076	0	536	536
1	537	1005.7241379310345	1251.5862068965516	0	537	537
1	538	1048.578947368421	1250.8026315789473	0	538	538
1	539	2115.2992424242425	1253.878787878788	0	539	539
1	540	488.5176470588235	1256.0117647058823	0	540	540
1	541	1037.2297297297298	1252.9594594594594	0	541	541
1	542	1057.2472727272727	1256.3563636363635	0	542	542
1	543	2042.587837837838	1256.3648648648648	0	543	543
1	544	2051.782608695652	1257.608695652174	0	544	544
1	545	2035.5434782608695	1261.75	0	545	545
1	546	978.4782608695652	1261.2934782608695	0	546	546
1	547	1080.2254901960785	1262.9901960784314	0	547	547
1	548	2011.105882352941	1267.1764705882354	0	548	548
1	549	983.8351648351648	1266.934065934066	0	549	549
1	550	784.6436781609195	1271.6896551724137	0	550	550
1	551	717.8370165745856	1268.2955801104972	0	551	551
1	552	2032.0425531914893	1271.595744680851	0	552	552
1	553	2121.4	1274.488	0	553	553
1	554	986.8979591836735	1275.7244897959183	0	554	554
1	555	2142.7951219512197	1280.0829268292682	0	555	555
1	556	703.8153846153846	1283.7384615384615	0	556	556
1	557	783.8333333333334	1283.6666666666667	0	557	557
1	558	1993.6020942408377	1288.1989528795812	0	558	558
1	559	781.5844155844156	1289.7532467532467	0	559	559
1	560	711.5504587155963	1287.5412844036698	0	560	560
1	561	1029.8125	1292.21875	0	561	561
1	562	1974.642857142857	1290.642857142857	0	562	562
1	563	2021.7433155080214	1293.4438502673797	0	563	563
1	564	993.0425531914893	1294.063829787234	0	564	564
1	565	1975.4087591240875	1296.2189781021898	0	565	565
1	566	771.0050251256281	1299.7085427135678	0	566	566
1	567	1074.0515463917525	1295.8350515463917	0	567	567
1	568	748.4137931034483	1297.4137931034484	0	568	568
1	569	1068.3461538461538	1303.1410256410256	0	569	569
1	570	1339.1304347826087	1300.8695652173913	0	570	570
1	571	2109.1666666666665	1301.9166666666667	0	571	571
1	572	1316.68	1304.4533333333334	0	572	572
1	573	1350.3532338308457	1308.6567164179105	0	573	573
1	574	2077.009009009009	1306.5855855855855	0	574	574
1	575	723.1724137931035	1308.8275862068965	0	575	575
1	576	2070.8571428571427	1307.942857142857	0	576	576
1	577	1055.9411764705883	1309.0	0	577	577
1	578	2093.541899441341	1311.217877094972	0	578	578
1	579	2064.1428571428573	1310.857142857143	0	579	579
1	580	759.0112359550562	1313.0224719101125	0	580	580
1	581	1308.5	1313.5	0	581	581
1	582	2041.3798449612402	1313.4883720930231	0	582	582
1	583	2049.59649122807	1313.2105263157894	0	583	583
1	584	730.4571428571429	1315.3428571428572	0	584	584
1	585	1066.9661016949153	1314.2372881355932	0	585	585
1	586	1350.4848484848485	1319.2575757575758	0	586	586
1	587	2036.9342105263158	1318.9342105263158	0	587	587
1	588	2124.590909090909	1320.5227272727273	0	588	588
1	589	1974.9722222222222	1321.625	0	589	589
1	590	713.8936170212766	1320.4255319148936	0	590	590
1	591	1355.5882352941176	1323.0882352941176	0	591	591
1	592	2025.2690582959642	1320.2511210762332	0	592	592
1	593	1020.1310861423221	1324.5205992509364	0	593	593
1	594	2107.1704545454545	1324.3863636363637	0	594	594
1	595	1298.9583333333333	1325.7083333333333	0	595	595
1	596	1345.1081081081081	1326.6756756756756	0	596	596
1	597	710.8258928571429	1328.825892857143	0	597	597
1	598	1366.320512820513	1332.1666666666667	0	598	598
1	599	772.5416666666666	1333.0833333333333	0	599	599
1	600	1347.84	1334.48	0	600	600
1	601	1995.9473684210527	1336.342105263158	0	601	601
1	602	1364.6923076923076	1338.1153846153845	0	602	602
1	603	762.3050847457627	1350.135593220339	0	603	603
1	604	756.0612244897959	1359.2857142857142	0	604	604
1	605	737.3018867924528	1371.7358490566037	0	605	605
1	606	545.3904761904762	1406.8666666666666	0	606	606
1	607	517.8012422360248	1416.5465838509317	0	607	607
1	608	491.15	1420.9666666666667	0	608	608
1	609	19.416666666666668	1420.1333333333334	0	609	609
1	610	522.8828125	1425.9609375	0	610	610
1	611	581.5166666666667	1430.3533333333332	0	611	611
1	612	557.025641025641	1431.974358974359	0	612	612
1	613	38.92307692307692	1438.4615384615386	0	613	613
1	614	2290.5714285714284	1438.0857142857142	0	614	614
1	615	530.3966480446927	1442.2346368715084	0	615	615
1	616	42.515151515151516	1444.7878787878788	0	616	616
1	617	71.35416666666667	1450.8125	0	617	617
1	618	536.4615384615385	1455.173076923077	0	618	618
1	619	494.8129496402878	1455.1007194244605	0	619	619
1	620	539.4285714285714	1465.7012987012988	0	620	620
1	621	61.982142857142854	1470.392857142857	0	621	621
1	622	109.0561797752809	1472.8202247191011	0	622	622
1	623	1756.5115606936415	1471.6618497109826	0	623	623
1	624	512.2048192771084	1474.1566265060242	0	624	624
1	625	1796.904761904762	1471.9333333333334	0	625	625
1	626	27.156462585034014	1477.0680272108843	0	626	626
1	627	1796.9727272727273	1485.4545454545455	0	627	627
1	628	84.53846153846153	1491.3131868131868	0	628	628
1	629	30.14391143911439	1494.870848708487	0	629	629
1	630	2290.478260869565	1497.7391304347825	0	630	630
1	631	1804.2685950413222	1497.1446280991736	0	631	631
1	632	1814.1864406779662	1500.1101694915253	0	632	632
1	633	1822.35	1504.875	0	633	633
1	634	1725.2627737226278	1511.1046228710463	0	634	634
1	635	2291.9	1514.4333333333334	0	635	635
1	636	1716.1153846153845	1521.3923076923077	0	636	636
1	637	1767.5378787878788	1518.621212121212	0	637	637
1	638	1800.5652173913043	1515.3623188405797	0	638	638
1	639	2290.068493150685	1521.3287671232877	0	639	639
1	640	1781.4736842105262	1537.2280701754387	0	640	640
1	641	1787.9859154929577	1540.380281690141	0	641	641
1	642	1715.0470588235294	1542.9176470588236	0	642	642
1	643	1796.660777385159	1551.5795053003533	0	643	643
1	644	1288.8958333333333	1556.9375	0	644	644
1	645	1721.3285714285714	1560.2142857142858	0	645	645
1	646	1292.4626865671642	1560.865671641791	0	646	646
1	647	1788.7592592592594	1561.0185185185185	0	647	647
1	648	1301.28125	1564.015625	0	648	648
1	649	1721.195652173913	1566.1739130434783	0	649	649
1	650	1784.3286713286714	1572.020979020979	0	650	650
1	651	1262.063492063492	1574.6349206349207	0	651	651
1	652	1324.3636363636363	1582.8701298701299	0	652	652
1	653	1752.6166666666666	1592.05	0	653	653
1	654	202.24193548387098	1596.4798387096773	0	654	654
1	655	1243.2298850574712	1602.6781609195402	0	655	655
1	656	2013.8636363636363	1601.6909090909091	0	656	656
1	657	167.42396313364054	1606.778801843318	0	657	657
1	658	1332.5333333333333	1608.0	0	658	658
1	659	153.859375	1611.6875	0	659	659
1	660	219.90384615384616	1613.5961538461538	0	660	660
1	661	2036.942857142857	1615.5142857142857	0	661	661
1	662	506.4	1617.2857142857142	0	662	662
1	663	156.16666666666666	1617.25	0	663	663
1	664	164.5164835164835	1617.6813186813188	0	664	664
1	665	173.42	1619.06	0	665	665
1	666	462.40909090909093	1621.3863636363637	0	666	666
1	667	1327.151724137931	1619.144827586207	0	667	667
1	668	1256.7073170731708	1624.7682926829268	0	668	668
1	669	118.41176470588235	1626.6764705882354	0	669	669
1	670	176.8774373259053	1630.6908077994428	0	670	670
1	671	515.4285714285714	1629.1190476190477	0	671	671
1	672	1250.8688524590164	1629.032786885246	0	672	672
1	673	217.54166666666666	1629.5833333333333	0	673	673
1	674	1295.421052631579	1627.8803827751196	0	674	674
1	675	1335.1	1631.3666666666666	0	675	675
1	676	1987.6279069767443	1631.6046511627908	0	676	676
1	677	945.6736842105263	1634.3684210526317	0	677	677
1	678	522.4379562043796	1635.905109489051	0	678	678
1	679	436.1358024691358	1639.5185185185185	0	679	679
1	680	188.0344827586207	1641.942528735632	0	680	680
1	681	1244.4607843137255	1641.8431372549019	0	681	681
1	682	113.60689655172413	1643.3310344827587	0	682	682
1	683	106.42105263157895	1645.0526315789473	0	683	683
1	684	465.8942307692308	1645.3677884615386	0	684	684
1	685	930.4188034188035	1647.8461538461538	0	685	685
1	686	1989.6267409470752	1648.6044568245125	0	686	686
1	687	910.1558441558442	1651.3636363636363	0	687	687
1	688	1324.0	1654.2277227722773	0	688	688
1	689	2040.3125	1657.25	0	689	689
1	690	1969.90625	1662.40625	0	690	690
1	691	130.5060975609756	1662.2256097560976	0	691	691
1	692	1240.7096774193549	1665.3225806451612	0	692	692
1	693	189.27777777777777	1667.4814814814815	0	693	693
1	694	1320.1708542713568	1664.6231155778894	0	694	694
1	695	700.1864406779661	1668.3050847457628	0	695	695
1	696	1994.419642857143	1666.200892857143	0	696	696
1	697	137.72222222222223	1671.6349206349207	0	697	697
1	698	418.14285714285717	1671.2857142857142	0	698	698
1	699	903.1875	1671.65625	0	699	699
1	700	672.8571428571429	1672.75	0	700	700
1	701	516.4104477611941	1673.402985074627	0	701	701
1	702	998.0141843971631	1673.6879432624114	0	702	702
1	703	2003.7923076923078	1673.3384615384616	0	703	703
1	704	965.3351955307263	1673.1899441340781	0	704	704
1	705	1319.0	1675.0263157894738	0	705	705
1	706	1570.375	1677.0416666666667	0	706	706
1	707	165.71428571428572	1676.4285714285713	0	707	707
1	708	1553.5344827586207	1681.344827586207	0	708	708
1	709	722.9401709401709	1679.4102564102564	0	709	709
1	710	1996.3703703703704	1678.7037037037037	0	710	710
1	711	2037.408026755853	1677.809364548495	0	711	711
1	712	1569.157894736842	1680.157894736842	0	712	712
1	713	1252.5689655172414	1681.2586206896551	0	713	713
1	714	425.2888888888889	1680.9466666666667	0	714	714
1	715	955.6470588235294	1682.9705882352941	0	715	715
1	716	1315.797385620915	1683.0653594771243	0	716	716
1	717	137.76363636363635	1682.6	0	717	717
1	718	965.1090909090909	1684.0545454545454	0	718	718
1	719	1600.2857142857142	1685.107142857143	0	719	719
1	720	500.468085106383	1684.8191489361702	0	720	720
1	721	1014.0084033613446	1684.310924369748	0	721	721
1	722	1250.4634146341464	1686.780487804878	0	722	722
1	723	1546.6829268292684	1685.0243902439024	0	723	723
1	724	1590.6028368794325	1684.5531914893618	0	724	724
1	725	477.2413793103448	1689.367816091954	0	725	725
1	726	1601.5428571428572	1689.9714285714285	0	726	726
1	727	1274.6	1692.7428571428572	0	727	727
1	728	432.73372781065086	1691.5029585798816	0	728	728
1	729	412.8333333333333	1695.0	0	729	729
1	730	418.95454545454544	1695.8636363636363	0	730	730
1	731	960.4545454545455	1694.409090909091	0	731	731
1	732	1523.064935064935	1698.948051948052	0	732	732
1	733	950.7372881355932	1697.4406779661017	0	733	733
1	734	118.11904761904762	1699.3690476190477	0	734	734
1	735	1280.6571428571428	1699.6857142857143	0	735	735
1	736	1951.8461538461538	1703.0384615384614	0	736	736
1	737	161.15463917525773	1698.8324742268042	0	737	737
1	738	921.3853211009174	1703.633027522936	0	738	738
1	739	1517.7391304347825	1706.9130434782608	0	739	739
1	740	718.5208333333334	1708.2291666666667	0	740	740
1	741	487.53125	1710.6875	0	741	741
1	742	657.1732283464567	1709.716535433071	0	742	742
1	743	1014.9134615384615	1709.625	0	743	743
1	744	1515.9777777777779	1711.7333333333333	0	744	744
1	745	1523.7083333333333	1711.861111111111	0	745	745
1	746	2008.380281690141	1714.4084507042253	0	746	746
1	747	2017.1901840490798	1711.2147239263804	0	747	747
1	748	705.1785714285714	1715.6785714285713	0	748	748
1	749	1625.122807017544	1718.438596491228	0	749	749
1	750	1510.3333333333333	1716.9166666666667	0	750	750
1	751	956.7578125	1723.1328125	0	751	751
1	752	2004.1351351351352	1719.2432432432433	0	752	752
1	753	1561.3589743589744	1724.042735042735	0	753	753
1	754	1962.7636363636364	1723.1272727272728	0	754	754
1	755	423.18367346938777	1722.6122448979593	0	755	755
1	756	727.9130434782609	1723.1521739130435	0	756	756
1	757	735.9809523809524	1723.5428571428572	0	757	757
1	758	1613.357142857143	1724.857142857143	0	758	758
1	759	694.875	1726.325	0	759	759
1	760	1987.2222222222222	1724.3333333333333	0	760	760
1	761	1502.3088235294117	1724.8823529411766	0	761	761
1	762	445.3921568627451	1732.7777777777778	0	762	762
1	763	1540.4666666666667	1733.7666666666667	0	763	763
1	764	736.0542635658915	1735.922480620155	0	764	764
1	765	1996.0062111801242	1736.0062111801242	0	765	765
1	766	1593.9444444444443	1738.1944444444443	0	766	766
1	767	686.4791666666666	1737.6805555555557	0	767	767
1	768	683.9186046511628	1748.5116279069769	0	768	768
1	769	1577.59375	1751.6875	0	769	769
1	770	1600.0149253731342	1755.4925373134329	0	770	770
1	771	684.4074074074074	1761.4814814814815	0	771	771
1	772	1531.138888888889	1765.388888888889	0	772	772
1	773	1523.7931034482758	1769.2068965517242	0	773	773
1	774	1611.158273381295	1769.179856115108	0	774	774
1	775	2207.88	1772.5	0	775	775
1	776	743.4618320610687	1771.4503816793892	0	776	776
1	777	1540.148148148148	1771.6296296296296	0	777	777
1	778	2164.4489795918366	1773.3061224489795	0	778	778
1	779	1082.1714285714286	1774.0857142857142	0	779	779
1	780	1504.1724137931035	1774.9827586206898	0	780	780
1	781	1086.7857142857142	1777.607142857143	0	781	781
1	782	1511.1206896551723	1779.7241379310344	0	782	782
1	783	2215.1692307692306	1782.6615384615384	0	783	783
1	784	701.3636363636364	1780.7272727272727	0	784	784
1	785	1092.877192982456	1780.8947368421052	0	785	785
1	786	680.6976744186046	1785.2325581395348	0	786	786
1	787	740.7254901960785	1784.5294117647059	0	787	787
1	788	1592.1333333333334	1787.0333333333333	0	788	788
1	789	1100.234375	1790.09375	0	789	789
1	790	1082.9945054945056	1792.098901098901	0	790	790
1	791	712.0839694656488	1791.3587786259543	0	791	791
1	792	1537.2432432432433	1795.081081081081	0	792	792
1	793	1092.9180327868853	1797.0901639344263	0	793	793
1	794	1543.953488372093	1798.1162790697674	0	794	794
1	795	738.3030303030303	1802.4545454545455	0	795	795
1	796	2203.6111111111113	1802.0925925925926	0	796	796
1	797	1075.3488372093022	1802.2558139534883	0	797	797
1	798	1084.1875	1805.90625	0	798	798
1	799	2173.1129032258063	1806.725806451613	0	799	799
1	800	2240.0416666666665	1809.4791666666667	0	800	800
1	801	1102.7272727272727	1810.7575757575758	0	801	801
1	802	2233.7	1811.7333333333333	0	802	802
1	803	1101.36	1818.46	0	803	803
1	804	1062.6923076923076	1823.0961538461538	0	804	804
1	805	1068.725806451613	1828.8387096774193	0	805	805
1	806	1113.7671232876712	1847.3698630136987	0	806	806
1	807	1296.36	1849.56	0	807	807
1	808	1338.5030120481927	1854.2981927710844	0	808	808
1	809	1113.215909090909	1854.7386363636363	0	809	809
1	810	2234.801652892562	1855.3223140495868	0	810	810
1	811	1262.92	1857.44	0	811	811
1	812	1355.8285714285714	1860.9714285714285	0	812	812
1	813	2166.0	1864.5	0	813	813
1	814	1308.5182724252493	1864.6112956810632	0	814	814
1	815	1370.8867924528302	1866.5188679245282	0	815	815
1	816	1298.4846153846154	1880.5076923076922	0	816	816
1	817	1384.125	1884.0833333333333	0	817	817
1	818	1251.8	1885.56	0	818	818
1	819	1266.6592592592592	1890.1629629629629	0	819	819
1	820	1274.5	1890.78125	0	820	820
1	821	1300.07	1890.15	0	821	821
1	822	2177.8888888888887	1891.6666666666667	0	822	822
1	823	2205.7804878048782	1896.341463414634	0	823	823
1	824	539.9868421052631	1905.4342105263158	0	824	824
1	825	1324.8520710059172	1910.4497041420118	0	825	825
1	826	1346.3915662650602	1910.2409638554218	0	826	826
1	827	507.78723404255317	1919.904255319149	0	827	827
1	828	1323.7710843373493	1920.0963855421687	0	828	828
1	829	574.96875	1922.609375	0	829	829
1	830	569.0892857142857	1926.3214285714287	0	830	830
1	831	263.15384615384613	1927.6153846153845	0	831	831
1	832	558.403448275862	1933.6758620689654	0	832	832
1	833	271.43939393939394	1936.090909090909	0	833	833
1	834	488.71830985915494	1941.3661971830986	0	834	834
1	835	600.3052631578947	1944.8947368421052	0	835	835
1	836	791.2190476190476	1949.490476190476	0	836	836
1	837	233.26293103448276	1954.8706896551723	0	837	837
1	838	552.9565217391304	1958.608695652174	0	838	838
1	839	290.1794871794872	1957.1923076923076	0	839	839
1	840	511.8693181818182	1960.9204545454545	0	840	840
1	841	298.31073446327684	1969.276836158192	0	841	841
1	842	237.54545454545453	1967.8801652892562	0	842	842
1	843	812.952380952381	1967.5079365079366	0	843	843
1	844	486.0285714285714	1970.6285714285714	0	844	844
1	845	512.0277777777778	1973.076388888889	0	845	845
1	846	756.6666666666666	1975.7948717948718	0	846	846
1	847	517.1666666666666	1984.9166666666667	0	847	847
1	848	237.09166666666667	1984.25	0	848	848
1	849	245.10416666666666	1987.5208333333333	0	849	849
1	850	806.9907407407408	1988.3425925925926	0	850	850
1	851	520.8513513513514	1991.554054054054	0	851	851
1	852	524.1904761904761	1995.095238095238	0	852	852
1	853	753.7272727272727	1994.3030303030303	0	853	853
1	854	543.9166666666666	1997.375	0	854	854
1	855	753.8	1999.9636363636364	0	855	855
1	856	792.7314814814815	1998.7777777777778	0	856	856
1	857	809.9683257918552	2002.1176470588234	0	857	857
1	858	533.5565217391304	1998.791304347826	0	858	858
1	859	788.2631578947369	2004.6315789473683	0	859	859
1	860	1020.2857142857143	2003.392857142857	0	860	860
1	861	1527.0224215246637	2003.8026905829597	0	861	861
1	862	775.6637931034483	2006.5	0	862	862
1	863	554.3428571428572	2006.9857142857143	0	863	863
1	864	1539.7904761904763	2007.0	0	864	864
1	865	234.7058823529412	2005.7124183006536	0	865	865
1	866	1047.1159420289855	2012.376811594203	0	866	866
1	867	783.6785714285714	2011.6785714285713	0	867	867
1	868	752.9	2012.3666666666666	0	868	868
1	869	317.7659574468085	2016.0212765957447	0	869	869
1	870	1039.4666666666667	2016.8933333333334	0	870	870
1	871	772.7579617834394	2016.8535031847134	0	871	871
1	872	997.416083916084	2026.7832167832169	0	872	872
1	873	1582.8695652173913	2027.891304347826	0	873	873
1	874	1067.0925925925926	2028.8703703703704	0	874	874
1	875	1572.2820512820513	2034.4871794871794	0	875	875
1	876	1063.5333333333333	2038.7	0	876	876
1	877	1588.7636363636364	2037.3636363636363	0	877	877
1	878	285.0	2040.5581395348838	0	878	878
1	879	1498.2064516129033	2037.909677419355	0	879	879
1	880	1489.3151515151515	2042.5333333333333	0	880	880
1	881	1515.027027027027	2043.7837837837837	0	881	881
1	882	1062.6136363636363	2045.5454545454545	0	882	882
1	883	1476.9520958083833	2046.0898203592815	0	883	883
1	884	1055.03	2050.23	0	884	884
1	885	244.64367816091954	2054.0919540229884	0	885	885
1	886	326.55415617128466	2060.831234256927	0	886	886
1	887	1045.1203007518798	2057.8007518796994	0	887	887
1	888	1549.9655172413793	2061.4827586206898	0	888	888
1	889	1480.3541666666667	2066.375	0	889	889
1	890	237.0049504950495	2061.6039603960394	0	890	890
1	891	1608.2923076923078	2064.7384615384617	0	891	891
1	892	1587.2358974358974	2067.882051282051	0	892	892
1	893	1548.6153846153845	2072.326923076923	0	893	893
1	894	1565.3684210526317	2073.1403508771928	0	894	894
1	895	984.8691588785047	2076.052959501558	0	895	895
1	896	1513.7592592592594	2078.0925925925926	0	896	896
1	897	332.90909090909093	2080.3454545454547	0	897	897
1	898	2214.6911764705883	2083.264705882353	0	898	898
1	899	973.95	2085.625	0	899	899
1	900	2226.3783783783783	2087.5045045045044	0	900	900
1	901	965.8392857142857	2088.3928571428573	0	901	901
1	902	2192.1846153846154	2094.5538461538463	0	902	902
1	903	734.4078947368421	2094.1973684210525	0	903	903
1	904	1008.8979591836735	2094.408163265306	0	904	904
1	905	2268.8976377952754	2102.8976377952754	0	905	905
1	906	294.72289156626505	2100.5662650602408	0	906	906
1	907	2253.144278606965	2108.417910447761	0	907	907
1	908	1020.1642857142857	2104.4535714285716	0	908	908
1	909	775.6875	2109.890625	0	909	909
1	910	2177.6233766233768	2112.5844155844156	0	910	910
1	911	778.952380952381	2117.6984126984125	0	911	911
1	912	955.0357142857143	2111.1785714285716	0	912	912
1	913	2243.2615384615383	2114.2615384615383	0	913	913
1	914	1018.1794871794872	2115.5128205128203	0	914	914
1	915	773.1428571428571	2117.5510204081634	0	915	915
1	916	957.8709677419355	2120.3655913978496	0	916	916
1	917	1018.551724137931	2120.9827586206898	0	917	917
1	918	962.9117647058823	2126.176470588235	0	918	918
1	919	709.140350877193	2129.1403508771928	0	919	919
1	920	737.0930232558139	2129.1627906976746	0	920	920
1	921	962.7037037037037	2131.037037037037	0	921	921
1	922	2238.131868131868	2130.1043956043954	0	922	922
1	923	715.7016129032259	2134.3467741935483	0	923	923
1	924	2195.8333333333335	2135.527777777778	0	924	924
1	925	2229.733333333333	2136.3	0	925	925
1	926	2202.185185185185	2140.9135802469136	0	926	926
1	927	2023.0875	2139.9875	0	927	927
1	928	2236.3529411764707	2140.3382352941176	0	928	928
1	929	972.6181818181818	2141.5454545454545	0	929	929
1	930	2013.0684931506848	2141.6849315068494	0	930	930
1	931	762.0522875816994	2142.954248366013	0	931	931
1	932	2030.7027027027027	2151.4864864864867	0	932	932
1	933	2225.223880597015	2145.89552238806	0	933	933
1	934	791.125	2151.5416666666665	0	934	934
1	935	2004.4615384615386	2151.4423076923076	0	935	935
1	936	2230.6692913385828	2155.0	0	936	936
1	937	2014.3095238095239	2161.3333333333335	0	937	937
1	938	2036.1210191082803	2163.9044585987263	0	938	938
1	939	781.047619047619	2164.154761904762	0	939	939
1	940	2022.030303030303	2164.4242424242425	0	940	940
1	941	1978.6410256410256	2165.0	0	941	941
1	942	2232.0545454545454	2167.7272727272725	0	942	942
1	943	2004.1616161616162	2170.626262626263	0	943	943
1	944	2266.42600896861	2169.896860986547	0	944	944
1	945	754.18	2172.536	0	945	945
1	946	1972.752688172043	2170.559139784946	0	946	946
1	947	2277.0526315789475	2172.5263157894738	0	947	947
1	948	2013.326923076923	2173.028846153846	0	948	948
1	949	2057.3137254901962	2176.5098039215686	0	949	949
1	950	2225.9583333333335	2175.125	0	950	950
1	951	1998.5960264900662	2177.0860927152316	0	951	951
1	952	2048.75	2176.3571428571427	0	952	952
1	953	2256.6060606060605	2180.4242424242425	0	953	953
1	954	1225.2142857142858	2181.3571428571427	0	954	954
1	955	1203.0714285714287	2183.690476190476	0	955	955
1	956	1236.121212121212	2188.5757575757575	0	956	956
1	957	2003.1472081218274	2189.299492385787	0	957	957
1	958	1256.0740740740741	2204.259259259259	0	958	958
1	959	1984.6119402985075	2207.686567164179	0	959	959
1	960	1217.7843137254902	2209.235294117647	0	960	960
1	961	1189.2916666666667	2210.9583333333335	0	961	961
1	962	1564.3265306122448	2211.8673469387754	0	962	962
1	963	1492.177570093458	2217.8971962616824	0	963	963
1	964	1516.677966101695	2217.2033898305085	0	964	964
1	965	1261.4603174603174	2218.095238095238	0	965	965
1	966	1599.2222222222222	2219.9555555555557	0	966	966
1	967	2077.603448275862	2221.9655172413795	0	967	967
1	968	1252.468085106383	2222.1063829787236	0	968	968
1	969	1233.7179487179487	2222.4102564102564	0	969	969
1	970	1479.9742268041236	2222.7113402061855	0	970	970
1	971	1252.0882352941176	2227.735294117647	0	971	971
1	972	1604.4193548387098	2227.1612903225805	0	972	972
1	973	544.9157894736842	2228.705263157895	0	973	973
1	974	1445.8181818181818	2231.9220779220777	0	974	974
1	975	1582.0363636363636	2233.4	0	975	975
1	976	1230.4444444444443	2241.472222222222	0	976	976
1	977	537.1805555555555	2242.6944444444443	0	977	977
1	978	568.0705394190871	2248.1784232365144	0	978	978
1	979	1455.9561403508771	2254.9561403508774	0	979	979
1	980	1498.5454545454545	2254.909090909091	0	980	980
1	981	1270.0227272727273	2254.75	0	981	981
1	982	1548.0833333333333	2257.230769230769	0	982	982
1	983	1464.6285714285714	2260.7428571428572	0	983	983
1	984	1562.7333333333333	2258.733333333333	0	984	984
1	985	2042.3	2260.58	0	985	985
1	986	1251.039603960396	2260.2574257425745	0	986	986
1	987	2032.3090909090909	2265.1	0	987	987
1	988	508.77985074626866	2265.667910447761	0	988	988
1	989	1236.0972222222222	2263.1805555555557	0	989	989
1	990	1218.4736842105262	2268.2368421052633	0	990	990
1	991	1226.0	2267.6976744186045	0	991	991
1	992	548.5537848605578	2274.3545816733067	0	992	992
1	993	559.7746478873239	2275.8028169014083	0	993	993
1	994	2064.5	2288.157894736842	0	994	994
1	995	2087.219696969697	2292.310606060606	0	995	995
1	996	2056.404347826087	2291.4217391304346	0	996	996
